102.4836 104.0626 19.8686 32.5010
105.9753 106.7812 27.9342 21.7486
116.5718 99.6399 84.7714 -57.1300
127.6151 105.0177 88.3470 43.0217
125.4959 101.8082 -16.9540 -25.6759
132.1626 96.7744 53.3340 -40.2702
147.8961 101.8070 125.8673 40.2606
150.5038 107.6902 20.8622 47.0656
150.9860 99.8209 3.8570 -62.9545
162.7128 107.8232 93.8147 64.0188
164.3496 86.9013 13.0942 -167.3756
171.0047 104.1095 53.2409 137.6659
181.2098 100.4352 81.6410 -29.3942
177.1003 98.5050 -32.8764 -15.4422
184.7087 100.4588 60.8678 15.6307
197.1886 90.0622 99.8385 -83.1732
194.9358 98.9016 -18.0217 70.7159
201.5712 108.4522 53.0831 76.4047
195.4599 120.7228 -48.8909 98.1646
192.9385 117.4086 -20.1712 -26.5132
207.3282 122.6242 115.1181 41.7244
198.8711 130.8245 -67.6570 65.6028
200.3376 144.5770 11.7322 110.0197
192.8763 148.3104 -59.6911 29.8673
197.2781 150.6845 35.2146 18.9929
200.5546 162.5663 26.2122 95.0544
194.2450 167.1521 -50.4766 36.6857
201.8785 178.1766 61.0677 88.1960
196.9968 176.4897 -39.0535 -13.4946
198.5415 185.0284 12.3578 68.3090
196.9915 191.3728 -12.4005 50.7555
209.2614 192.6824 98.1594 10.4771
199.9325 201.4806 -74.6310 70.3854
188.0448 201.3053 -95.1019 -1.4026
190.7794 200.0256 21.8769 -10.2377
173.8958 198.8271 -135.0689 -9.5880
174.3777 192.9231 3.8550 -47.2313
156.8683 197.8968 -140.0747 39.7890
153.3591 198.2864 -28.0740 3.1172
154.3176 195.9886 7.6686 -18.3825
150.3590 199.1936 -31.6691 25.6397
140.8568 202.0203 -76.0173 22.6135
132.7551 209.4309 -64.8140 59.2854
125.1611 200.8729 -60.7515 -68.4643
112.6074 201.2878 -100.4301 3.3189
109.7341 199.6278 -22.9862 -13.2799
104.3635 190.4061 -42.9651 -73.7730
105.2856 199.8674 7.3771 75.6903
101.7181 200.3012 -28.5402 3.4698
91.1848 205.6495 -84.2663 42.7871
101.6204 185.7049 83.4850 -159.5575
98.0746 181.5077 -28.3666 -33.5770
96.6154 173.1598 -11.6736 -66.7837
103.0584 160.8233 51.5439 -98.6920
105.1550 165.7141 16.7729 39.1267
104.6564 157.0930 -3.9888 -68.9689
95.8039 150.6218 -70.8199 -51.7694
98.4539 135.4531 21.2002 -121.3501
101.6563 140.3473 25.6190 39.1539
104.8777 119.6574 25.7713 -165.5191
97.6041 122.9343 -58.1888 26.2150
99.0717 124.2856 11.7406 10.8106
94.4683 101.7140 -36.8270 -180.5730
94.0190 97.1685 -3.5949 -36.3638
