101.9934 151.1942 19.9343 11.9416
101.7235 153.9373 -2.6996 27.4313
104.2954 151.5959 25.7191 -23.4140
107.0461 153.3447 27.5068 17.4878
104.5317 154.2158 -25.1437 8.7111
105.5317 153.0730 10.0003 -11.4281
110.1584 157.5922 46.2670 45.1927
109.5349 158.5221 -6.2356 9.2987
108.0611 159.0102 -14.7382 4.8812
111.0851 159.5308 30.2407 5.2060
110.0732 158.1693 -10.1196 -13.6157
111.0685 161.1587 9.9538 29.8945
113.4839 162.3146 24.1538 11.5586
110.1734 162.3954 -33.1049 0.8087
111.5502 164.6774 13.7672 22.8198
114.8754 166.8081 33.2526 21.3067
114.9743 170.7724 0.9891 39.6427
118.6285 168.3492 36.5416 -24.2322
117.1840 169.5151 -14.4454 11.6595
117.1754 169.8511 -0.0856 3.3601
123.9313 167.1625 67.5590 -26.8865
121.5484 171.9470 -23.8285 47.8451
123.1351 173.1205 15.8661 11.7349
121.1505 178.9265 -19.8455 58.0602
123.9112 174.6153 27.6073 -43.1121
126.2218 176.6031 23.1061 19.8782
124.6980 176.9306 -15.2383 3.2748
128.7514 175.6626 40.5338 -12.6793
127.7987 181.2856 -9.5267 56.2300
129.4166 181.5039 16.1789 2.1822
128.7966 181.5821 -6.2003 0.7820
133.7046 178.1812 49.0797 -34.0084
129.9730 182.8056 -37.3155 46.2436
127.8846 177.1963 -20.8843 -56.0929
131.6451 181.1737 37.6051 39.7742
127.5583 184.3809 -40.8678 32.0720
130.4177 178.0189 28.5941 -63.6198
126.0807 178.8674 -43.3707 8.4848
127.3436 180.1993 12.6297 13.3190
130.3937 178.9930 30.5009 -12.0625
131.4769 176.8987 10.8321 -20.9438
130.3427 180.1371 -11.3420 32.3845
129.7687 177.8754 -5.7403 -22.6173
129.3978 180.9472 -3.7091 30.7179
127.0430 178.1612 -23.5484 -27.8603
128.5603 183.0999 15.1736 49.3872
129.0787 178.4335 5.1841 -46.6638
132.1142 179.3559 30.3552 9.2238
130.6872 181.6270 -14.2701 22.7116
126.4739 177.5383 -42.1332 -40.8876
130.6482 180.4549 41.7425 29.1665
129.2298 182.6143 -14.1833 21.5937
128.6462 176.7850 -5.8368 -58.2925
131.2234 180.3693 25.7720 35.8423
132.0620 180.5198 8.3865 1.5050
131.8626 181.5636 -1.9944 10.4388
128.3216 177.5261 -35.4100 -40.3755
129.3816 177.3591 10.6001 -1.6701
130.6625 181.0439 12.8095 36.8480
131.9511 180.5940 12.8856 -4.4991
128.0417 179.5010 -39.0944 -10.9298
127.6287 178.6929 -4.1297 -8.0809
124.7873 175.6400 -28.4135 -30.5295
123.6076 176.4645 -11.7974 8.2456
126.6251 175.5861 30.1746 -8.7836
126.7125 172.5713 0.8743 -30.1485
122.8560 176.7315 -38.5650 41.6025
124.0071 172.9477 11.5109 -37.8388
121.7233 168.6174 -22.8379 -43.3027
118.7098 171.3131 -30.1351 26.9571
119.7228 167.0506 10.1303 -42.6247
121.0761 169.5742 13.5328 25.2353
116.9283 169.3172 -41.4773 -2.5698
119.1293 164.3586 22.0094 -49.5856
109.7605 166.9268 -93.6878 25.6812
115.6438 164.8256 58.8330 -21.0119
113.1741 164.6441 -24.6971 -1.8144
111.4020 165.7936 -17.7211 11.4947
111.1835 160.5092 -2.1846 -52.8436
106.0249 158.4925 -51.5866 -20.1670
108.5607 157.2210 25.3579 -12.7156
108.7142 156.3684 1.5357 -8.5259
109.9558 156.8458 12.4156 4.7742
104.9635 156.6823 -49.9233 -1.6349
103.3830 155.5534 -15.8045 -11.2892
102.9965 155.6544 -3.8653 1.0098
104.8308 153.0260 18.3432 -26.2836
102.6575 154.9071 -21.7330 18.8106
99.9405 150.4707 -27.1702 -44.3638
101.0265 155.4403 10.8606 49.6965
